0.0000e+00
-1.3334e-04
-1.3334e-04
-1.3334e-04
-1.2009e-03
-1.2007e-03
-1.2007e-03
-1.2007e-03
-1.2007e-03
-4.8033e-03
-4.8033e-03
-4.8033e-03
-4.8034e-03
-4.8034e-03
-4.8033e-03
-4.8033e-03
-1.3343e-02
-1.3343e-02
-1.3343e-02
-1.3343e-02
-1.3343e-02
-1.3343e-02
-1.3343e-02
-1.3343e-02
-1.3343e-02
-3.0021e-02
-3.0021e-02
-3.0021e-02
-3.0021e-02
-3.0021e-02
-3.0021e-02
-3.0021e-02
-3.0021e-02
-3.0021e-02
-3.0021e-02
-3.0021e-02
-5.8841e-02
-5.8841e-02
-5.8841e-02
-5.8841e-02
-5.8841e-02
-5.8841e-02
-5.8841e-02
-5.8841e-02
-5.8841e-02
-5.8841e-02
-5.8841e-02
-5.8841e-02
-5.8841e-02
-1.0461e-01
-1.0461e-01
-1.0461e-01
-1.0461e-01
-1.0461e-01
-1.0461e-01
-1.0461e-01
-1.0461e-01
-1.0461e-01
-1.0461e-01
-1.0461e-01
-1.0461e-01
-1.0461e-01
-1.0461e-01
-1.0461e-01
-1.7292e-01
-1.7292e-01
-1.7292e-01
-1.7292e-01
-1.7292e-01
-1.7292e-01
-1.7292e-01
-1.7292e-01
-1.7292e-01
-1.7292e-01
-1.7292e-01
-1.7292e-01
-1.7292e-01
-1.7292e-01
-1.7292e-01
-1.7292e-01
-1.7292e-01
-2.7019e-01
-2.7019e-01
-2.7019e-01
-2.7019e-01
-2.7019e-01
-2.7019e-01
-2.7019e-01
-2.7019e-01
-2.7019e-01
-2.7019e-01
-2.7019e-01
-2.7019e-01
-2.7019e-01
-2.7019e-01
-2.7019e-01
-2.7019e-01
-2.7019e-01
-2.7019e-01
-2.7019e-01
-4.0361e-01
-4.0361e-01
-4.0361e-01
-4.0361e-01
-4.0361e-01
-4.0361e-01
-4.0361e-01
-4.0361e-01
-4.0361e-01
-4.0361e-01
-4.0361e-01
-4.0361e-01
-4.0361e-01
-4.0361e-01
-4.0361e-01
-4.0361e-01
-4.0361e-01
-4.0361e-01
-4.0361e-01
-4.0361e-01
-4.0361e-01
-5.8120e-01
-5.8120e-01
-5.8120e-01
-5.8120e-01
-5.8120e-01
-5.8120e-01
-5.8120e-01
-5.8120e-01
-5.8120e-01
-5.8120e-01
-5.8120e-01
-5.8120e-01
-5.8120e-01
-5.8120e-01
-5.8120e-01
-5.8120e-01
-5.8120e-01
-5.8120e-01
-5.8120e-01
-5.8120e-01
-5.8120e-01
-5.8120e-01
-5.8120e-01
-8.1176e-01
-8.1176e-01
-8.1176e-01
-8.1176e-01
-8.1176e-01
-8.1176e-01
-8.1176e-01
-8.1176e-01
-8.1176e-01
-8.1176e-01
-8.1176e-01
-8.1176e-01
-8.1176e-01
-8.1176e-01
-8.1176e-01
-8.1176e-01
-8.1176e-01
-8.1176e-01
-8.1176e-01
-8.1176e-01
-8.1176e-01
-8.1176e-01
-8.1176e-01
-8.1176e-01
-8.1176e-01
-1.1049e+00
-1.1049e+00
-1.1049e+00
-1.1049e+00
-1.1049e+00
-1.1049e+00
-1.1049e+00
-1.1049e+00
-1.1049e+00
-1.1049e+00
-1.1049e+00
-1.1049e+00
-1.1049e+00
-1.1049e+00
-1.1049e+00
-1.1049e+00
-1.1049e+00
-1.1049e+00
-1.1049e+00
-1.1049e+00
-1.1049e+00
-1.1049e+00
-1.1049e+00
-1.1049e+00
-1.1049e+00
-1.1049e+00
-1.1049e+00
-1.4710e+00
-1.4710e+00
-1.4710e+00
-1.4710e+00
-1.4710e+00
-1.4710e+00
-1.4710e+00
-1.4710e+00
-1.4710e+00
-1.4710e+00
-1.4710e+00
-1.4710e+00
-1.4710e+00
-1.4710e+00
-1.4710e+00
-1.4710e+00
-1.4710e+00
-1.4710e+00
-1.4710e+00
-1.4710e+00
-1.4710e+00
-1.4710e+00
-1.4710e+00
-1.4710e+00
-1.4710e+00
-1.4710e+00
-1.4710e+00
-1.4710e+00
-1.4710e+00
-1.9213e+00
-1.9213e+00
-1.9213e+00
-1.9213e+00
-1.9213e+00
-1.9213e+00
-1.9213e+00
-1.9213e+00
-1.9213e+00
-1.9213e+00
-1.9213e+00
-1.9213e+00
-1.9213e+00
-1.9213e+00
-1.9213e+00
-1.9213e+00
-1.9213e+00
-1.9213e+00
-1.9213e+00
-1.9213e+00
-1.9213e+00
-1.9213e+00
-1.9213e+00
-1.9213e+00
-1.9213e+00
-1.9213e+00
-1.9213e+00
-1.9213e+00
-1.9213e+00
-1.9213e+00
-1.9213e+00
-2.4678e+00
-2.4678e+00
-2.4678e+00
-2.4678e+00
-2.4678e+00
-2.4678e+00
-2.4678e+00
-2.4678e+00
-2.4678e+00
-2.4678e+00
-2.4678e+00
-2.4678e+00
-2.4678e+00
-2.4678e+00
-2.4678e+00
-2.4678e+00
-2.4678e+00
-2.4678e+00
-2.4678e+00
-2.4678e+00
-2.4678e+00
-2.4678e+00
-2.4678e+00
-2.4678e+00
-2.4678e+00
-2.4678e+00
-2.4678e+00
-2.4678e+00
-2.4678e+00
-2.4678e+00
-2.4678e+00
-2.4678e+00
-2.4678e+00
-3.1234e+00
-3.1234e+00
-3.1234e+00
-3.1234e+00
-3.1234e+00
-3.1234e+00
-3.1234e+00
-3.1234e+00
-3.1234e+00
-3.1234e+00
-3.1234e+00
-3.1234e+00
-3.1234e+00
-3.1234e+00
-3.1234e+00
-3.1234e+00
-3.1234e+00
-3.1234e+00
-3.1234e+00
-3.1234e+00
-3.1234e+00
-3.1234e+00
-3.1234e+00
-3.1234e+00
-3.1234e+00
-3.1234e+00
-3.1234e+00
-3.1234e+00
-3.1234e+00
-3.1234e+00
-3.1234e+00
-3.1234e+00
-3.1234e+00
-3.1234e+00
-3.1234e+00
-3.9015e+00
-3.9015e+00
-3.9015e+00
-3.9015e+00
-3.9015e+00
-3.9015e+00
-3.9015e+00
-3.9015e+00
-3.9015e+00
-3.9015e+00
-3.9015e+00
-3.9015e+00
-3.9015e+00
-3.9015e+00
-3.9015e+00
-3.9015e+00
-3.9015e+00
-3.9015e+00
-3.9015e+00
-3.9015e+00
-3.9015e+00
-3.9015e+00
-3.9015e+00
-3.9015e+00
-3.9015e+00
-3.9015e+00
-3.9015e+00
-3.9015e+00
-3.9015e+00
-3.9015e+00
-3.9015e+00
-3.9015e+00
-3.9015e+00
-3.9015e+00
-3.9015e+00
-3.9015e+00
-3.9015e+00
-4.8167e+00
-4.8167e+00
-4.8167e+00
-4.8167e+00
-4.8167e+00
-4.8167e+00
-4.8167e+00
-4.8167e+00
-4.8167e+00
-4.8167e+00
-4.8167e+00
-4.8167e+00
-4.8167e+00
-4.8167e+00
-4.8167e+00
-4.8167e+00
-4.8167e+00
-4.8167e+00
-4.8167e+00
-4.8167e+00
-4.8167e+00
-4.8167e+00
-4.8167e+00
-4.8167e+00
-4.8167e+00
-4.8167e+00
-4.8167e+00
-4.8167e+00
-4.8167e+00
-4.8167e+00
-4.8167e+00
-4.8167e+00
-4.8167e+00
-4.8167e+00
-4.8167e+00
-4.8167e+00
-4.8167e+00
-4.8167e+00
-4.8167e+00
-5.8841e+00
-5.8841e+00
-5.8841e+00
-5.8841e+00
-5.8841e+00
-5.8841e+00
-5.8841e+00
-5.8841e+00
-5.8841e+00
-5.8841e+00
-5.8841e+00
-5.8841e+00
-5.8841e+00
-5.8841e+00
-5.8841e+00
-5.8841e+00
-5.8841e+00
-5.8841e+00
-5.8841e+00
-5.8841e+00
-5.8841e+00
-5.8841e+00
-5.8841e+00
-5.8841e+00
-5.8841e+00
-5.8841e+00
-5.8841e+00
-5.8841e+00
-5.8841e+00
-5.8841e+00
-5.8841e+00
-5.8841e+00
-5.8841e+00
-5.8841e+00
-5.8841e+00
-5.8841e+00
-5.8841e+00
-5.8841e+00
-5.8841e+00
-5.8841e+00
-5.8841e+00
-7.1197e+00
-7.1197e+00
-7.1197e+00
-7.1197e+00
-7.1197e+00
-7.1197e+00
-7.1197e+00
-7.1197e+00
-7.1197e+00
-7.1197e+00
-7.1197e+00
-7.1197e+00
-7.1197e+00
-7.1197e+00
-7.1197e+00
-7.1197e+00
-7.1197e+00
-7.1197e+00
-7.1197e+00
-7.1197e+00
-7.1197e+00
-7.1197e+00
-7.1197e+00
-7.1197e+00
-7.1197e+00
-7.1197e+00
-7.1197e+00
-7.1197e+00
-7.1197e+00
-7.1197e+00
-7.1197e+00
-7.1197e+00
-7.1197e+00
-7.1197e+00
-7.1197e+00
-7.1197e+00
-7.1197e+00
-7.1197e+00
-7.1197e+00
-7.1197e+00
-7.1197e+00
-7.1197e+00
-7.1197e+00
-8.5404e+00
-8.5404e+00
-8.5404e+00
-8.5404e+00
-8.5404e+00
-8.5404e+00
-8.5404e+00
-8.5404e+00
-8.5404e+00
-8.5404e+00
-8.5404e+00
-8.5404e+00
-8.5404e+00
-8.5404e+00
-8.5404e+00
-8.5404e+00
-8.5404e+00
-8.5404e+00
-8.5404e+00
-8.5404e+00
-8.5404e+00
-8.5404e+00
-8.5404e+00
-8.5404e+00
-8.5404e+00
-8.5404e+00
-8.5404e+00
-8.5404e+00
-8.5404e+00
-8.5404e+00
-8.5404e+00
-8.5404e+00
-8.5404e+00
-8.5404e+00
-8.5404e+00
-8.5404e+00
-8.5404e+00
-8.5404e+00
-8.5404e+00
-8.5404e+00
-8.5404e+00
-8.5404e+00
-8.5404e+00
-8.5404e+00
-8.5404e+00
-1.0164e+01
-1.0164e+01
-1.0164e+01
-1.0164e+01
-1.0164e+01
-1.0164e+01
-1.0164e+01
-1.0164e+01
-1.0164e+01
-1.0164e+01
-1.0164e+01
-1.0164e+01
-1.0164e+01
-1.0164e+01
-1.0164e+01
-1.0164e+01
-1.0164e+01
-1.0164e+01
-1.0164e+01
-1.0164e+01
-1.0164e+01
-1.0164e+01
-1.0164e+01
-1.0164e+01
-1.0164e+01
-1.0164e+01
-1.0164e+01
-1.0164e+01
-1.0164e+01
-1.0164e+01
-1.0164e+01
-1.0164e+01
-1.0164e+01
-1.0164e+01
-1.0164e+01
-1.0164e+01
-1.0164e+01
-1.0164e+01
-1.0164e+01
-1.0164e+01
-1.0164e+01
-1.0164e+01
-1.0164e+01
-1.0164e+01
-1.0164e+01
-1.0164e+01
-1.0164e+01
-1.2008e+01
-1.2008e+01
-1.2008e+01
-1.2008e+01
-1.2008e+01
-1.2008e+01
-1.2008e+01
-1.2008e+01
-1.2008e+01
-1.2008e+01
-1.2008e+01
-1.2008e+01
-1.2008e+01
-1.2008e+01
-1.2008e+01
-1.2008e+01
-1.2008e+01
-1.2008e+01
-1.2008e+01
-1.2008e+01
-1.2008e+01
-1.2008e+01
-1.2008e+01
-1.2008e+01
-1.2008e+01
-1.2008e+01
-1.2008e+01
-1.2008e+01
-1.2008e+01
-1.2008e+01
-1.2008e+01
-1.2008e+01
-1.2008e+01
-1.2008e+01
-1.2008e+01
-1.2008e+01
-1.2008e+01
-1.2008e+01
-1.2008e+01
-1.2008e+01
-1.2008e+01
-1.2008e+01
-1.2008e+01
-1.2008e+01
-1.2008e+01
-1.2008e+01
-1.2008e+01
-1.2008e+01
-1.2008e+01
-1.4093e+01
-1.4093e+01
-1.4093e+01
-1.4093e+01
-1.4093e+01
-1.4093e+01
-1.4093e+01
-1.4093e+01
-1.4093e+01
-1.4093e+01
-1.4093e+01
-1.4093e+01
-1.4093e+01
-1.4093e+01
-1.4093e+01
-1.4093e+01
-1.4093e+01
-1.4093e+01
-1.4093e+01
-1.4093e+01
-1.4093e+01
-1.4093e+01
-1.4093e+01
-1.4093e+01
-1.4093e+01
-1.4093e+01
-1.4093e+01
-1.4093e+01
-1.4093e+01
-1.4093e+01
-1.4093e+01
-1.4093e+01
-1.4093e+01
-1.4093e+01
-1.4093e+01
-1.4093e+01
-1.4093e+01
-1.4093e+01
-1.4093e+01
-1.4093e+01
-1.4093e+01
-1.4093e+01
-1.4093e+01
-1.4093e+01
-1.4093e+01
-1.4093e+01
-1.4093e+01
-1.4093e+01
-1.4093e+01
-1.4093e+01
-1.4093e+01