331 330 3
354 353 1
638 637 3
663 662 1
409 408 3
432 431 1
230 229 3
251 250 1
495 494 3
518 517 1
147 146 3
166 165 1
82 81 3
99 98 1
296 295 3
317 316 1
589 588 3
612 611 1
370 369 3
391 390 1
201 200 3
220 219 1
452 451 3
473 472 1
124 123 3
141 140 1
263 262 3
282 281 1
65 64 3
80 79 1
542 541 3
563 562 1
640 639 3
661 660 1
333 332 3
352 351 1
174 173 3
191 190 1
411 410 3
430 429 1
103 102 3
118 117 1
232 231 3
249 248 1
497 496 3
516 515 1
50 49 3
63 62 1
591 590 3
610 609 1
298 297 3
315 314 1
149 148 3
164 163 1
372 371 3
389 388 1
454 453 3
471 470 1
203 202 3
218 217 1
84 83 3
97 96 1
544 543 3
561 560 1
37 36 3
48 47 1
265 264 3
280 279 1
642 641 3
659 658 1
126 125 3
139 138 1
335 334 3
350 349 1
413 412 3
428 427 1
176 175 3
189 188 1
67 66 3
78 77 1
499 498 3
514 513 1
593 592 3
608 607 1
234 233 3
247 246 1
26 25 3
35 34 1
300 299 3
313 312 1
105 104 3
116 115 1
374 373 3
387 386 1
151 150 3
162 161 1
456 455 3
469 468 1
52 51 3
61 60 1
546 545 3
559 558 1
205 204 3
216 215 1
644 643 3
657 656 1
17 16 3
24 23 1
267 266 3
278 277 1
86 85 3
95 94 1
337 336 3
348 347 1
415 414 3
426 425 1
128 127 3
137 136 1
501 500 3
512 511 1
39 38 3
46 45 1
595 594 3
606 605 1
178 177 3
187 186 1
236 235 3
245 244 1
10 9 3
15 14 1
69 68 3
76 75 1
302 301 3
311 310 1
376 375 3
385 384 1
107 106 3
114 113 1
458 457 3
467 466 1
548 547 3
557 556 1
28 27 3
33 32 1
153 152 3
160 159 1
646 645 3
655 654 1
207 206 3
214 213 1
5 4 3
8 7 1
269 268 3
276 275 1
54 53 3
59 58 1
339 338 3
346 345 1
417 416 3
424 423 1
88 87 3
93 92 1
503 502 3
510 509 1
19 18 3
22 21 1
130 129 3
135 134 1
597 596 3
604 603 1
3 2 1
2 1 3
180 179 3
185 184 1
41 40 3
44 43 1
238 237 3
243 242 1
304 303 3
309 308 1
71 70 3
74 73 1
378 377 3
383 382 1
13 12 1
12 11 3
3 1 2
460 459 3
465 464 1
109 108 3
112 111 1
550 549 3
555 554 1
648 647 3
653 652 1
155 154 3
158 157 1
31 30 1
30 29 3
1 0 1
6 5 1
7 6 3
209 208 3
212 211 1
6 4 2
8 6 2
271 270 3
274 273 1
57 56 1
56 55 3
13 11 2
341 340 3
344 343 1
2 0 2
91 90 1
90 89 3
419 418 3
422 421 1
20 19 1
21 20 3
4 2 2
505 504 3
508 507 1
3 0 3
5 2 1
133 132 1
132 131 3
599 598 3
602 601 1
20 18 2
22 20 2
31 29 2
4 1 1
42 41 1
43 42 3
183 182 1
182 181 3
11 10 1
14 13 3
5 1 2
7 5 2
11 9 2
15 13 2
241 240 1
240 239 3
72 71 1
73 72 3
6 3 1
42 40 2
44 42 2
57 55 2
9 5 2
11 7 2
10 5 1
307 306 1
306 305 3
9 4 1
29 28 1
32 31 3
10 4 2
12 10 2
14 12 2
59 47 2
76 62 2
381 380 1
380 379 3
29 27 2
33 31 2
44 34 2
110 109 1
111 110 3
95 79 2
20 14 2
31 23 2
116 98 2
91 89 2
72 70 2
74 72 2
463 462 1
462 461 3
139 119 2
21 19 2
6 1 3
12 7 1
164 142 2
18 17 1
23 22 3
18 16 2
24 22 2
156 155 1
157 156 3
16 10 2
55 54 1
58 57 3
17 10 1
553 552 1
552 551 3
191 167 2
16 9 1
17 9 2
220 194 2
55 53 2
59 57 2
7 3 2
19 17 2
23 21 2
251 223 2
651 650 1
650 649 3
11 6 1
133 131 2
110 108 2
112 110 2
210 209 1
211 210 3
284 254 2
30 28 2
32 30 2
13 8 1
8 3 3
319 287 2
18 12 2
89 88 1
92 91 3
7 2 3
356 322 2
40 39 1
45 44 3
40 38 2
46 44 2
43 41 2
395 359 2
272 271 1
273 272 3
25 17 2
26 17 1
25 16 1
26 16 2
8 2 2
19 12 1
183 181 2
89 87 2
93 91 2
436 398 2
156 154 2
158 156 2
12 6 2
479 439 2
114 96 2
27 26 1
34 33 3
93 77 2
27 25 2
35 33 2
137 117 2
524 482 2
342 341 1
343 342 3
131 130 1
134 133 3
162 140 2
41 39 2
45 43 2
28 26 2
34 32 2
18 11 1
21 14 1
74 60 2
571 527 2
189 165 2
29 21 2
56 54 2
58 56 2
620 574 2
241 239 2
218 192 2
70 69 1
75 74 3
57 45 2
210 208 2
212 210 2
22 15 1
70 68 2
76 74 2
671 623 2
36 26 2
37 26 1
36 25 1
37 25 2
249 221 2
131 129 2
135 133 2
420 419 1
421 420 3
19 11 2
11 4 3
42 32 2
27 19 2
282 252 2
73 71 2
13 6 3
28 19 1
181 180 1
184 183 3
317 285 2
20 13 1
354 320 2
506 505 1
507 506 3
307 305 2
27 18 1
53 52 1
60 59 3
53 51 2
61 59 2
393 357 2
272 270 2
274 272 2
28 18 2
12 5 3
71 69 2
75 73 2
434 396 2
54 52 2
60 58 2
108 107 1
113 112 3
181 179 2
185 183 2
38 37 1
47 46 3
38 36 2
48 46 2
90 88 2
92 90 2
39 37 2
47 45 2
477 437 2
49 37 2
50 37 1
108 106 2
114 112 2
49 36 1
50 36 2
239 238 1
242 241 3
600 599 1
601 600 3
30 21 1
522 480 2
381 379 2
32 23 1
569 525 2
38 28 2
111 109 2
39 28 1
14 8 2
33 24 1
618 572 2
342 340 2
344 342 2
38 27 1
15 8 3
39 27 2
160 138 2
187 163 2
669 621 2
14 7 3
216 190 2
135 115 2
87 86 1
94 93 3
239 237 2
243 241 2
87 85 2
95 93 2
13 5 2
15 7 2
305 304 1
308 307 3
40 30 2
247 219 2
154 153 1
159 158 3
29 20 1
280 250 2
463 461 2
154 152 2
160 158 2
109 107 2
113 111 2
64 50 2
65 50 1
64 49 1
65 49 2
31 22 1
112 94 2
88 86 2
94 92 2
315 283 2
132 130 2
134 132 2
68 67 1
77 76 3
68 66 2
78 76 2
420 418 2
422 420 2
352 318 2
69 67 2
77 75 2
20 11 3
51 50 1
62 61 3
51 49 2
63 61 2
391 355 2
52 50 2
62 60 2
51 39 2
52 39 1
51 38 1
379 378 1
382 381 3
52 38 2
41 30 1
157 155 2
91 75 2
432 394 2
21 13 2
305 303 2
309 307 2
18 9 3
553 551 2
475 435 2
55 43 2
208 207 1
213 212 3
129 128 1
136 135 3
129 127 2
137 135 2
520 478 2
72 58 2
45 34 1
43 32 1
208 206 2
214 212 2
506 504 2
508 506 2
46 35 1
19 10 3
22 13 3
567 523 2
81 65 2
82 65 1
81 64 1
82 64 2
155 153 2
159 157 2
461 460 1
464 463 3
616 570 2
40 29 1
182 180 2
184 182 2
130 128 2
136 134 2
30 20 2
667 619 2
106 105 1
115 114 3
106 104 2
116 114 2
651 649 2
379 377 2
383 381 2
66 52 2
53 41 2
67 52 1
66 51 1
67 51 2
44 33 1
107 105 2
115 113 2
21 12 3
211 209 2
270 269 1
275 274 3
85 84 1
96 95 3
85 83 2
97 95 2
86 84 2
96 94 2
600 598 2
602 600 2
54 41 1
66 65 1
79 78 3
66 64 2
80 78 2
67 65 2
79 77 2
245 217 2
179 178 1
186 185 3
551 550 1
554 553 3
214 188 2
41 29 2
278 248 2
270 268 2
276 274 2
179 177 2
187 185 2
42 31 1
22 12 2
313 281 2
100 82 2
101 82 1
100 81 1
101 81 2
185 161 2
350 316 2
53 40 1
461 459 2
465 463 2
389 353 2
209 207 2
213 211 2
430 392 2
240 238 2
242 240 2
54 40 2
180 178 2
186 184 2
83 67 2
84 67 1
83 66 1
84 66 2
473 433 2
152 151 1
161 160 3
56 43 1
158 136 2
340 339 1
345 344 3
152 150 2
162 160 2
649 648 1
652 651 3
60 47 1
61 48 1
23 15 2
24 15 3
29 18 3
518 476 2
23 14 3
58 45 1
153 151 2
161 159 2
24 14 2
31 20 3
273 271 2
68 54 2
565 521 2
340 338 2
346 344 2
69 54 1
127 126 1
138 137 3
127 125 2
139 137 2
59 46 1
237 236 1
244 243 3
128 126 2
138 136 2
614 568 2
237 235 2
245 243 2
551 549 2
555 553 2
70 56 2
68 53 1
121 101 2
122 101 1
121 100 1
122 100 2
665 617 2
104 103 1
117 116 3
104 102 2
118 116 2
69 53 2
105 103 2
117 115 2
133 113 2
27 16 3
20 10 2
83 82 1
98 97 3
83 81 2
99 97 2
84 82 2
98 96 2
28 17 3
418 417 1
423 422 3
271 269 2
275 273 2
306 304 2
308 306 2
102 84 2
103 84 1
102 83 1
103 83 2
30 19 3
55 42 1
238 236 2
244 242 2
57 44 1
206 205 1
215 214 3
206 204 2
216 214 2
110 92 2
418 416 2
424 422 2
89 73 2
649 647 2
653 651 2
343 341 2
207 205 2
215 213 2
85 69 2
86 69 1
303 302 1
310 309 3
32 22 2
71 56 1
85 68 1
86 68 2
303 301 2
311 309 2
144 122 2
145 122 1
144 121 1
145 121 2
177 176 1
188 187 3
177 175 2
189 187 2
33 22 3
311 279 2
348 314 2
178 176 2
188 186 2
77 62 1
78 63 1
387 351 2
276 246 2
504 503 1
509 508 3
428 390 2
75 60 1
150 149 1
163 162 3
150 148 2
164 162 2
73 58 1
151 149 2
163 161 2
32 21 3
471 431 2
76 61 1
243 215 2
123 103 2
124 103 1
123 102 1
124 102 2
516 474 2
341 339 2
345 343 2
380 378 2
382 380 2
33 21 2
125 124 1
140 139 3
125 123 2
141 139 2
126 124 2
140 138 2
563 519 2
504 502 2
510 508 2
102 101 1
119 118 3
102 100 2
120 118 2
103 101 2
119 117 2
304 302 2
310 308 2
42 29 3
268 267 1
277 276 3
612 566 2
268 266 2
278 276 2
70 55 1
87 71 2
43 31 2
421 419 2
377 376 1
384 383 3
663 615 2
104 86 2
105 86 1
31 19 2
104 85 1
105 85 2
74 59 1
377 375 2
385 383 2
269 267 2
277 275 2
212 186 2
598 597 1
603 602 3
169 145 2
170 145 1
169 144 1
170 144 2
88 71 1
40 27 3
235 234 1
246 245 3
235 233 2
247 245 2
236 234 2
246 244 2
56 42 2
146 124 2
147 124 1
146 123 1
147 123 2
44 31 3
598 596 2
604 602 2
462 460 2
464 462 2
419 417 2
423 421 2
204 203 1
217 216 3
204 202 2
218 216 2
205 203 2
217 215 2
72 57 1
34 24 2
35 24 3
34 23 3
35 23 2
38 25 3
71 55 2
87 70 1
41 28 3
39 26 3
96 79 1
97 80 1
378 376 2
384 382 2
175 174 1
190 189 3
175 173 2
191 189 2
176 174 2
190 188 2
338 337 1
347 346 3
338 336 2
348 346 2
183 159 2
459 458 1
466 465 3
507 505 2
94 77 1
125 105 2
126 105 1
125 104 1
126 104 2
95 78 1
90 73 1
459 457 2
467 465 2
148 147 1
165 164 3
148 146 2
166 164 2
149 147 2
165 163 2
92 75 1
88 70 2
196 169 1
196 170 2
197 169 2
197 170 1
123 122 1
142 141 3
123 121 2
143 141 2
124 122 2
142 140 2
339 337 2
347 345 2
106 88 2
43 30 3
108 90 2
107 88 1
93 76 1
426 388 2
301 300 1
312 311 3
301 299 2
313 311 2
385 349 2
469 429 2
514 472 2
302 300 2
312 310 2
171 147 2
172 147 1
171 146 1
172 146 2
346 312 2
106 87 1
561 517 2
156 134 2
552 550 2
554 552 2
505 503 2
509 507 2
610 564 2
107 87 2
266 265 1
279 278 3
266 264 2
280 278 2
661 613 2
267 265 2
279 277 2
549 548 1
556 555 3
131 111 2
416 415 1
425 424 3
460 458 2
466 464 2
309 277 2
44 30 2
416 414 2
426 424 2
601 599 2
148 126 2
149 126 1
148 125 1
149 125 2
549 547 2
557 555 2
233 232 1
248 247 3
233 231 2
249 247 2
234 232 2
248 246 2
225 196 1
225 197 2
226 196 2
226 197 1
55 40 3
45 33 2
57 42 3
46 33 3
29 17 2
91 74 1
89 72 1
417 415 2
425 423 2
202 201 1
219 218 3
202 200 2
220 218 2
203 201 2
219 217 2
45 32 3
127 107 2
117 98 1
118 99 1
128 107 1
46 32 2
109 90 1
173 172 1
192 191 3
173 171 2
193 191 2
174 172 2
192 190 2
127 106 1
128 106 2
375 374 1
386 385 3
115 96 1
116 97 1
375 373 2
387 385 2
198 172 2
199 172 1
198 171 1
199 171 2
146 145 1
167 166 3
146 144 2
168 166 2
147 145 2
167 165 2
274 244 2
376 374 2
386 384 2
650 648 2
652 650 2
599 597 2
603 601 2
113 94 1
647 646 1
654 653 3
111 92 1
114 95 1
53 38 3
502 501 1
511 510 3
647 645 2
655 653 2
336 335 1
349 348 3
550 548 2
556 554 2
336 334 2
350 348 2
173 149 2
174 149 1
173 148 1
174 148 2
502 500 2
512 510 2
337 335 2
349 347 2
54 39 3
256 225 1
256 226 2
257 225 2
257 226 1
129 109 2
51 36 3
52 37 3
56 41 3
299 298 1
314 313 3
299 297 2
315 313 2
300 298 2
314 312 2
503 501 2
511 509 2
58 44 2
150 128 2
151 128 1
150 127 1
151 127 2
108 89 1
264 263 1
281 280 3
264 262 2
282 280 2
265 263 2
281 279 2
227 199 2
228 199 1
227 198 1
228 198 2
112 93 1
241 213 2
42 28 2
59 44 3
457 456 1
468 467 3
457 455 2
469 467 2
130 109 1
512 470 2
559 515 2
47 35 2
48 35 3
47 34 3
231 230 1
250 249 3
231 229 2
251 249 2
232 230 2
250 248 2
48 34 2
608 562 2
467 427 2
458 456 2
468 466 2
659 611 2
200 199 1
221 220 3
200 198 2
222 220 2
201 199 2
221 219 2
424 386 2
596 595 1
605 604 3
200 174 2
201 174 1
200 173 1
201 173 2
140 119 1
141 120 1
171 170 1
194 193 3
171 169 2
195 193 2
172 170 2
194 192 2
648 646 2
654 652 2
596 594 2
606 604 2
58 43 3
73 57 2
414 413 1
427 426 3
414 412 2
428 426 2
138 117 1
139 118 1
289 256 1
289 257 2
290 256 2
290 257 1
415 413 2
427 425 2
72 55 3
110 91 1
129 108 1
59 43 2
136 115 1
137 116 1
383 347 2
132 111 1
175 151 2
176 151 1
175 150 1
176 150 2
597 595 2
605 603 2
90 72 2
373 372 1
388 387 3
373 371 2
389 387 2
374 372 2
388 386 2
134 113 1
154 132 2
210 184 2
258 228 2
259 228 1
258 227 1
259 227 2
109 89 2
152 130 2
547 546 1
558 557 3
547 545 2
559 557 2
334 333 1
351 350 3
334 332 2
352 350 2
335 333 2
351 349 2
130 108 2
153 130 1
70 53 3
135 114 1
548 546 2
558 556 2
181 157 2
297 296 1
316 315 3
297 295 2
317 315 2
298 296 2
316 314 2
229 201 2
230 201 1
229 200 1
230 200 2
74 57 3
57 41 2
152 129 1
324 289 1
324 290 2
325 289 2
325 290 1
262 261 1
283 282 3
262 260 2
284 282 2
263 261 2
283 281 2
344 310 2
500 499 1
513 512 3
500 498 2
514 512 2
153 129 2
60 46 2
501 499 2
513 511 2
61 46 3
229 228 1
252 251 3
229 227 2
253 251 2
230 228 2
252 250 2
60 45 3
61 45 2
202 176 2
203 176 1
202 175 1
203 175 2
68 51 3
198 196 2
198 197 1
224 222 2
223 222 3
199 197 2
223 221 2
71 54 3
69 52 3
291 258 1
291 259 2
292 258 2
292 259 1
165 142 1
166 143 1
455 454 1
470 469 3
455 453 2
471 469 2
66 49 3
67 50 3
456 454 2
470 468 2
163 140 1
164 141 1
645 644 1
656 655 3
177 153 2
645 643 2
657 655 2
133 112 1
155 132 1
178 153 1
73 56 3
161 138 1
162 139 1
131 110 1
412 411 1
429 428 3
412 410 2
430 428 2
413 411 2
429 427 2
657 609 2
646 644 2
656 654 2
177 152 1
606 560 2
260 230 2
261 230 1
260 229 1
261 229 2
178 152 2
557 513 2
159 136 1
361 324 1
361 325 2
362 324 2
362 325 1
371 370 1
390 389 3
371 369 2
391 389 2
372 370 2
390 388 2
157 134 1
160 137 1
307 275 2
510 468 2
594 593 1
607 606 3
594 592 2
608 606 2
595 593 2
607 605 2
332 331 1
353 352 3
332 330 2
354 352 2
333 331 2
353 351 2
231 203 2
232 203 1
231 202 1
232 202 2
40 26 2
179 155 2
326 291 1
326 292 2
327 291 2
327 292 1
295 294 1
318 317 3
295 293 2
319 317 2
296 294 2
318 316 2
91 72 3
89 70 3
75 59 2
260 258 2
260 259 1
286 284 2
285 284 3
261 259 2
285 283 2
62 48 2
63 48 3
62 47 3
63 47 2
76 59 3
74 56 2
545 544 1
560 559 3
545 543 2
561 559 2
546 544 2
560 558 2
204 178 2
227 225 2
227 226 1
255 253 2
254 253 3
228 226 2
254 252 2
205 178 1
465 425 2
204 177 1
205 177 2
75 58 3
293 261 2
294 261 1
293 260 1
294 260 2
76 58 2
154 131 1
158 135 1
180 155 1
498 497 1
515 514 3
498 496 2
516 514 2
499 497 2
515 513 2
400 361 1
400 362 2
401 361 2
401 362 1
192 167 1
193 168 1
190 165 1
191 166 1
453 452 1
472 471 3
453 451 2
473 471 2
454 452 2
472 470 2
262 232 2
263 232 1
262 231 1
263 231 2
272 242 2
188 163 1
189 164 1
87 68 3
363 326 1
363 327 2
364 326 2
364 327 1
410 409 1
431 430 3
410 408 2
432 430 2
411 409 2
431 429 2
186 161 1
187 162 1
92 74 2
88 69 3
208 182 2
55 39 2
422 384 2
369 368 1
392 391 3
369 367 2
393 391 2
370 368 2
392 390 2
182 157 1
233 205 2
234 205 1
179 154 1
233 204 1
234 204 2
90 71 3
85 66 3
156 133 1
86 67 3
643 642 1
658 657 3
643 641 2
659 657 2
644 642 2
658 656 2
184 159 1
328 294 2
329 294 1
328 293 1
329 293 2
330 329 1
355 354 3
330 328 2
356 354 2
331 329 2
355 353 2
239 211 2
206 180 2
83 64 3
84 65 3
93 74 3
293 291 2
293 292 1
321 319 2
320 319 3
294 292 2
320 318 2
441 400 1
441 401 2
442 400 2
442 401 1
207 180 1
258 256 2
258 257 1
288 286 2
287 286 3
259 257 2
287 285 2
592 591 1
609 608 3
592 590 2
610 608 2
593 591 2
609 607 2
77 61 2
78 61 3
111 91 2
77 60 3
78 60 2
185 160 1
155 131 2
295 263 2
296 263 1
295 262 1
296 262 2
655 607 2
132 110 2
180 154 2
402 363 1
402 364 2
403 363 2
403 364 1
543 542 1
562 561 3
543 541 2
563 561 2
544 542 2
562 560 2
110 89 3
206 179 1
92 73 3
221 194 1
222 195 1
604 558 2
207 179 2
264 234 2
265 234 1
264 233 1
265 233 2
496 495 1
517 516 3
496 494 2
518 516 2
497 495 2
517 515 2
219 192 1
220 193 1
72 54 2
365 329 2
366 329 1
365 328 1
366 328 2
93 73 2
217 190 1
218 191 1
381 345 2
451 450 1
474 473 3
451 449 2
475 473 2
452 450 2
474 472 2
484 441 1
484 442 2
485 441 2
485 442 1
235 207 2
215 188 1
216 189 1
408 407 1
433 432 3
408 406 2
434 432 2
409 407 2
433 431 2
209 182 1
236 207 1
108 87 3
555 511 2
330 296 2
331 296 1
330 295 1
331 295 2
112 91 3
367 365 2
367 366 1
395 393 2
394 393 3
368 366 2
394 392 2
183 158 1
235 206 1
236 206 2
213 186 1
181 156 1
443 402 1
443 403 2
444 402 2
444 403 1
328 326 2
328 327 1
358 356 2
357 356 3
329 327 2
357 355 2
211 184 1
291 289 2
291 290 1
292 290 2
323 321 2
322 321 3
322 320 2
214 187 1
79 63 2
80 63 3
79 62 3
80 62 2
641 640 1
660 659 3
641 639 2
661 659 2
642 640 2
660 658 2
94 76 2
297 265 2
298 265 1
297 264 1
298 264 2
95 76 3
237 209 2
94 75 3
95 75 2
404 366 2
404 365 1
405 365 2
405 366 1
106 85 3
91 71 2
109 88 3
590 589 1
611 610 3
590 588 2
612 610 2
591 589 2
611 609 2
107 86 3
529 484 1
529 485 2
530 484 2
530 485 1
266 236 2
541 540 1
564 563 3
541 539 2
565 563 2
542 540 2
564 562 2
267 236 1
104 83 3
105 84 3
252 223 1
253 224 1
342 308 2
266 235 1
267 235 2
367 331 2
368 331 1
367 330 1
368 330 2
508 466 2
250 221 1
251 222 1
111 90 3
102 81 3
103 82 3
494 493 1
519 518 3
494 492 2
520 518 2
495 493 2
519 517 2
53 37 2
486 443 1
486 444 2
487 443 2
487 444 1
238 209 1
248 219 1
249 220 1
212 185 1
208 181 1
449 448 1
476 475 3
449 447 2
477 475 2
450 448 2
476 474 2
246 217 1
247 218 1
332 298 2
333 298 1
332 297 1
333 297 2
406 404 2
406 405 1
436 434 2
435 434 3
407 405 2
435 433 2
133 110 3
445 404 1
445 405 2
446 404 2
446 405 1
365 363 2
365 364 1
366 364 2
397 395 2
396 395 3
396 394 2
270 240 2
131 108 3
244 215 1
326 324 2
326 325 1
327 325 2
360 358 2
359 358 3
359 357 2
305 273 2
245 216 1
576 529 1
576 530 2
577 529 2
577 530 1
113 93 2
114 93 3
240 211 1
299 267 2
300 267 1
96 78 2
97 78 3
96 77 3
97 77 2
299 266 1
300 266 2
242 213 1
406 368 2
407 368 1
406 367 1
407 367 2
237 208 1
268 238 2
639 638 1
662 661 3
639 637 2
663 661 2
640 638 2
662 660 2
113 92 3
210 183 1
531 486 1
531 487 2
532 486 2
532 487 1
112 90 2
114 92 2
269 238 1
588 587 1
613 612 3
588 586 2
614 612 2
589 587 2
613 611 2
243 214 1
369 333 2
370 333 1
369 332 1
370 332 2
463 423 2
653 605 2
286 255 1
285 254 1
539 538 1
566 565 3
539 537 2
567 565 2
540 538 2
566 564 2
488 445 1
488 446 2
489 445 2
489 446 1
129 106 3
283 252 1
284 253 1
134 112 2
70 52 2
238 208 2
492 490 2
492 491 1
522 520 2
521 520 3
493 491 2
521 519 2
268 237 1
625 576 1
625 577 2
626 576 2
626 577 1
281 250 1
282 251 1
209 181 2
447 445 2
447 446 1
448 446 2
479 477 2
478 477 3
478 476 2
334 300 2
335 300 1
334 299 1
335 299 2
130 107 3
279 248 1
280 249 1
269 237 2
404 402 2
404 403 1
405 403 2
438 436 2
437 436 3
437 435 2
447 407 2
448 407 1
447 406 1
448 406 2
182 156 2
132 109 3
157 133 2
363 361 2
363 362 1
364 362 2
399 397 2
398 397 3
398 396 2
127 104 3
128 105 3
578 531 1
578 532 2
579 531 2
579 532 1
135 112 3
277 246 1
278 247 1
301 269 2
98 80 2
99 80 3
98 79 3
99 79 2
125 102 3
126 103 3
271 240 1
302 269 1
408 370 2
409 370 1
408 369 1
409 369 2
115 95 2
116 95 3
123 100 3
124 101 3
115 94 3
116 94 2
301 268 1
275 244 1
156 131 3
533 488 1
533 489 2
534 488 2
534 489 1
302 268 2
241 212 1
602 556 2
273 242 1
276 245 1
239 210 1
637 636 1
664 663 3
637 635 2
665 663 2
638 636 2
664 662 2
134 111 3
89 69 2
303 271 2
371 335 2
372 335 1
371 334 1
372 334 2
420 382 2
586 585 1
615 614 3
586 584 2
616 614 2
587 585 2
615 613 2
490 448 2
491 448 1
490 447 1
491 447 2
321 288 1
320 287 1
537 535 2
537 536 1
569 567 2
568 567 3
538 536 2
568 566 2
627 578 1
627 579 2
628 578 2
628 579 1
318 285 1
319 286 1
135 111 2
490 488 2
490 489 1
491 489 2
524 522 2
523 522 3
523 521 2
336 302 2
316 283 1
317 284 1
337 302 1
154 129 3
445 443 2
445 444 1
446 444 2
481 479 2
480 479 3
480 478 2
158 133 3
449 409 2
450 409 1
449 408 1
450 408 2
336 301 1
337 301 2
402 400 2
402 401 1
403 401 2
440 438 2
439 438 3
439 437 2
314 281 1
315 282 1
580 533 1
580 534 2
581 533 2
581 534 1
304 271 1
110 88 2
312 279 1
274 243 1
313 280 1
379 343 2
340 306 2
410 372 2
411 372 1
410 371 1
411 371 2
270 239 1
117 97 2
118 97 3
117 96 3
118 96 2
136 114 2
137 114 3
535 490 1
535 491 2
536 490 2
536 491 1
136 113 3
68 50 2
310 277 1
137 113 2
311 278 1
152 127 3
553 509 2
155 130 3
373 337 2
374 337 1
306 273 1
153 128 3
373 336 1
374 336 2
308 275 1
635 633 2
635 634 1
667 665 2
666 665 3
636 634 2
666 664 2
492 450 2
493 450 1
492 449 1
493 449 2
338 304 2
584 582 2
584 583 1
585 583 2
618 616 2
617 616 3
617 615 2
629 580 1
629 581 2
630 580 2
630 581 1
150 125 3
151 126 3
303 270 1
133 109 2
157 132 3
358 323 1
357 322 1
535 533 2
535 534 1
536 534 2
571 569 2
570 569 3
570 568 2
272 241 1
148 123 3
149 124 3
339 304 1
355 320 1
356 321 1
488 486 2
488 487 1
489 487 2
526 524 2
525 524 3
525 523 2
451 411 2
452 411 1
451 410 1
452 410 2
146 121 3
147 122 3
309 276 1
353 318 1
354 319 1
443 441 2
443 442 1
444 442 2
483 481 2
482 481 3
482 480 2
183 156 3
582 535 1
582 536 2
583 535 2
583 536 1
181 154 3
351 316 1
352 317 1
159 135 2
338 303 1
412 374 2
349 314 1
119 99 2
120 99 3
119 98 3
120 98 2
413 374 1
350 315 1
412 373 1
413 373 2
160 135 3
304 270 2
537 493 2
538 493 1
537 492 1
538 492 2
138 116 2
139 116 3
138 115 3
139 115 2
339 303 2
271 239 2
347 312 1
348 313 1
159 134 3
375 339 2
341 306 1
376 339 1
506 464 2
160 134 2
494 452 2
495 452 1
494 451 1
495 451 2
87 67 2
158 132 2
345 310 1
633 631 2
633 632 1
669 667 2
668 667 3
634 632 2
668 666 2
631 582 1
631 583 2
632 582 2
632 583 1
375 338 1
184 158 2
240 210 2
582 580 2
582 581 1
583 581 2
620 618 2
619 618 3
619 617 2
376 338 2
179 152 3
343 308 1
346 311 1
377 341 2
307 274 1
533 531 2
533 532 1
534 532 2
573 571 2
572 571 3
572 570 2
397 360 1
396 359 1
211 183 2
453 413 2
454 413 1
453 412 1
454 412 2
486 484 2
486 485 1
487 485 2
528 526 2
527 526 3
527 525 2
395 358 1
394 357 1
305 272 1
584 538 2
585 538 1
584 537 1
585 537 2
392 355 1
393 356 1
180 153 3
185 158 3
182 155 3
390 353 1
391 354 1
177 150 3
178 151 3
414 376 2
415 376 1
539 495 2
540 495 1
539 494 1
540 494 2
388 351 1
389 352 1
414 375 1
140 118 2
141 118 3
140 117 3
141 117 2
415 375 2
210 181 3
461 421 2
175 148 3
176 149 3
161 137 2
162 137 3
651 603 2
161 136 3
162 136 2
378 341 1
418 380 2
386 349 1
387 350 1
173 146 3
174 147 3
496 454 2
497 454 1
496 453 1
497 453 2
108 86 2
171 144 3
172 145 3
344 309 1
184 157 3
633 584 1
633 585 2
634 584 2
634 585 1
340 305 1
384 347 1
631 629 2
631 630 1
632 630 2
671 669 2
670 669 3
670 668 2
385 348 1
580 578 2
580 579 1
581 579 2
622 620 2
621 620 3
621 619 2
531 529 2
531 530 1
532 530 2
575 573 2
574 573 3
574 572 2
455 415 2
456 415 1
380 343 1
212 183 3
455 414 1
382 345 1
456 414 2
586 540 2
587 540 1
586 539 1
587 539 2
208 179 3
438 399 1
437 398 1
416 378 2
185 157 2
436 397 1
435 396 1
85 65 2
433 394 1
434 395 1
377 340 1
131 107 2
417 378 1
431 392 1
432 393 1
541 497 2
542 497 1
541 496 1
542 496 2
142 120 2
143 120 3
142 119 3
143 119 2
342 307 1
383 346 1
429 390 1
430 391 1
186 160 2
163 139 2
164 139 3
163 138 3
164 138 2
187 160 3
186 159 3
187 159 2
427 388 1
428 389 1
498 456 2
499 456 1
416 377 1
498 455 1
206 177 3
499 455 2
209 180 3
600 554 2
156 130 2
635 587 2
636 587 1
635 586 1
636 586 2
207 178 3
425 386 1
426 387 1
378 340 2
629 627 2
629 628 1
630 628 2
673 671 2
672 671 3
672 670 2
417 377 2
457 417 2
578 576 2
578 577 1
579 577 2
624 622 2
623 622 3
623 621 2
211 182 3
204 175 3
205 176 3
588 542 2
589 542 1
588 541 1
589 541 2
419 380 1
458 417 1
241 210 3
423 384 1
481 440 1
480 439 1
202 173 3
203 174 3
341 305 2
239 208 3
457 416 1
183 155 2
479 438 1
478 437 1
459 419 2
200 171 3
201 172 3
421 382 1
213 185 2
424 385 1
458 416 2
477 436 1
476 435 1
198 169 3
199 170 3
543 499 2
544 499 1
543 498 1
544 498 2
474 433 1
475 434 1
381 344 1
214 185 3
165 141 2
166 141 3
165 140 3
166 140 2
106 84 2
472 431 1
473 432 1
306 272 2
188 162 2
189 162 3
379 342 1
188 161 3
189 161 2
551 507 2
213 184 3
500 458 2
470 429 1
471 430 1
637 589 2
638 589 1
637 588 1
638 588 2
501 458 1
242 212 2
500 457 1
504 462 2
501 457 2
214 184 2
273 241 2
468 427 1
469 428 1
460 419 1
627 625 2
627 626 1
628 626 2
675 673 2
674 673 3
674 672 2
237 206 3
212 182 2
590 544 2
591 544 1
590 543 1
591 543 2
422 383 1
466 425 1
526 483 1
525 482 1
467 426 1
243 212 3
418 379 1
524 481 1
523 480 1
238 207 3
240 209 3
545 501 2
521 478 1
522 479 1
546 501 1
464 423 1
462 421 1
545 500 1
272 239 3
546 500 2
502 460 2
167 143 2
168 143 3
167 142 3
168 142 2
235 204 3
236 205 3
519 476 1
520 477 1
190 164 2
191 164 3
190 163 3
191 163 2
215 187 2
216 187 3
517 474 1
518 475 1
215 186 3
216 186 2
129 105 2
233 202 3
234 203 3
639 591 2
640 591 1
639 590 1
640 590 2
503 460 1
459 418 1
515 472 1
516 473 1
104 82 2
231 200 3
232 201 3
242 211 3
465 424 1
229 198 3
230 199 3
420 381 1
513 470 1
514 471 1
227 196 3
228 197 3
274 241 3
592 546 2
593 546 1
592 545 1
593 545 2
270 237 3
502 459 1
511 468 1
512 469 1
243 211 2
573 528 1
572 527 1
547 503 2
571 526 1
570 525 1
503 459 2
460 418 2
548 503 1
505 462 1
569 524 1
568 523 1
509 466 1
154 128 2
192 166 2
193 166 3
192 165 3
193 165 2
549 505 2
244 214 2
566 521 1
567 522 1
245 214 3
547 502 1
217 189 2
218 189 3
217 188 3
218 188 2
507 464 1
510 467 1
564 519 1
565 520 1
244 213 3
548 502 2
641 593 2
642 593 1
641 592 1
642 592 2
649 601 2
245 213 2
419 379 2
268 235 3
271 238 3
562 517 1
563 518 1
463 422 1
269 236 3
181 153 2
560 515 1
561 516 1
307 272 3
598 552 2
461 420 1
594 548 2
273 240 3
595 548 1
266 233 3
267 234 3
305 270 3
594 547 1
127 103 2
595 547 2
210 180 2
558 513 1
559 514 1
380 342 2
550 505 1
275 243 2
264 231 3
265 232 3
622 575 1
621 574 1
620 573 1
619 572 1
262 229 3
263 230 3
195 168 3
194 168 2
194 167 3
195 167 2
276 243 3
556 511 1
618 571 1
617 570 1
260 227 3
261 228 3
241 209 2
508 465 1
557 512 1
219 191 2
220 191 3
219 190 3
220 190 2
616 569 1
615 568 1
258 225 3
259 226 3
246 216 2
247 216 3
246 215 3
247 215 2
343 307 2
308 274 2
643 595 2
613 566 1
614 567 1
504 461 1
644 595 1
596 550 2
554 509 1
275 242 3
643 594 1
552 507 1
644 594 2
611 564 1
612 565 1
276 242 2
303 268 3
609 562 1
610 563 1
597 550 1
549 504 1
555 510 1
274 240 2
309 274 3
607 560 1
608 561 1
342 305 3
125 101 2
304 269 3
506 463 1
306 271 3
152 126 2
673 624 1
672 623 1
605 558 1
596 549 1
671 622 1
670 621 1
606 559 1
221 193 2
222 193 3
221 192 3
222 192 2
301 266 3
302 267 3
669 620 1
668 619 1
248 218 2
249 218 3
248 217 3
249 217 2
645 597 2
277 245 2
278 245 3
667 618 1
666 617 1
277 244 3
278 244 2
646 597 1
599 552 1
299 264 3
300 265 3
664 615 1
665 616 1
603 556 1
647 599 2
597 549 2
308 273 3
550 504 2
662 613 1
663 614 1
297 262 3
298 263 3
645 596 1
601 554 1
344 307 3
604 557 1
295 260 3
296 261 3
660 611 1
661 612 1
646 596 2
340 303 3
293 258 3
294 259 3
291 256 3
292 257 3
658 609 1
659 610 1
553 508 1
505 461 2
309 273 2
179 151 2
224 195 3
224 194 2
223 195 2
223 194 3
551 506 1
656 607 1
657 608 1
310 276 2
250 220 2
251 220 3
250 219 3
251 219 2
311 276 3
648 599 1
279 247 2
280 247 3
279 246 3
280 246 2
310 275 3
150 124 2
311 275 2
654 605 1
338 301 3
341 304 3
655 606 1
381 342 3
462 420 2
602 555 1
339 302 3
652 603 1
379 340 3
343 306 3
650 601 1
598 551 1
208 178 2
336 299 3
337 300 3
345 309 2
334 297 3
335 298 3
421 381 2
346 309 3
239 207 2
252 222 2
253 222 3
252 221 3
253 221 2
647 598 1
332 295 3
333 296 3
653 604 1
382 344 2
272 238 2
281 249 2
282 249 3
281 248 3
282 248 2
330 293 3
331 294 3
312 278 2
313 278 3
312 277 3
313 277 2
328 291 3
329 292 3
345 308 3
600 553 1
307 271 2
326 289 3
327 290 3
148 122 2
346 308 2
377 338 3
177 149 2
383 344 3
420 379 3
648 598 2
344 306 2
378 339 3
380 341 3
255 224 3
255 223 2
254 224 2
254 223 3
375 336 3
283 251 2
284 251 3
283 250 3
284 250 2
376 337 3
347 311 2
314 280 2
315 280 3
314 279 3
315 279 2
348 311 3
651 602 1
347 310 3
348 310 2
373 334 3
374 335 3
599 551 2
382 343 3
422 381 3
649 600 1
418 377 3
371 332 3
372 333 3
369 330 3
370 331 3
206 176 2
367 328 3
368 329 3
175 147 2
365 326 3
366 327 3
363 324 3
364 325 3
383 343 2
286 253 3
285 253 2
286 252 2
285 252 3
384 346 2
552 506 2
385 346 3
316 282 2
317 282 3
316 281 3
317 281 2
349 313 2
350 313 3
349 312 3
350 312 2
384 345 3
385 345 2
463 420 3
416 375 3
419 378 3
461 418 3
417 376 3
421 380 3
423 383 2
237 205 2
507 463 2
414 373 3
415 374 3
424 383 3
464 422 2
288 255 3
288 254 2
287 255 2
287 254 3
173 145 2
412 371 3
413 372 3
318 284 2
319 284 3
318 283 3
319 283 2
410 369 3
411 370 3
204 174 2
351 315 2
352 315 3
351 314 3
352 314 2
386 348 2
387 348 3
386 347 3
387 347 2
408 367 3
409 368 3
423 382 3
270 236 2
406 365 3
407 366 3
404 363 3
405 364 3
342 304 2
459 416 3
305 269 2
424 382 2
402 361 3
403 362 3
381 341 2
465 422 3
506 461 3
462 419 3
460 417 3
321 286 3
321 285 2
320 286 2
320 285 3
422 380 2
457 414 3
353 317 2
354 317 3
353 316 3
354 316 2
425 385 2
458 415 3
426 385 3
388 350 2
389 350 3
388 349 3
389 349 2
425 384 3
426 384 2
508 463 3
202 172 2
464 421 3
455 412 3
456 413 3
235 203 2
504 459 3
453 410 3
454 411 3
650 600 2
451 408 3
452 409 3
449 406 3
450 407 3
323 288 3
323 287 2
322 288 2
322 287 3
447 404 3
448 405 3
466 424 2
355 319 2
356 319 3
355 318 3
356 318 2
465 421 2
445 402 3
446 403 3
467 424 3
443 400 3
444 401 3
390 352 2
391 352 3
390 351 3
391 351 2
553 506 3
427 387 2
428 387 3
427 386 3
428 386 2
466 423 3
467 423 2
502 457 3
505 460 3
551 504 3
601 553 2
200 170 2
268 234 2
503 458 3
507 462 3
509 465 2
233 201 2
500 455 3
554 508 2
501 456 3
510 465 3
358 321 3
358 320 2
357 321 2
357 320 3
498 453 3
499 454 3
392 354 2
393 354 3
392 353 3
393 353 2
429 389 2
430 389 3
429 388 3
430 388 2
468 426 2
469 426 3
496 451 3
497 452 3
468 425 3
469 425 2
509 464 3
494 449 3
495 450 3
303 267 2
549 502 3
492 447 3
493 448 3
600 551 3
555 508 3
510 464 2
490 445 3
491 446 3
488 443 3
489 444 3
486 441 3
487 442 3
463 419 2
420 378 2
340 302 2
552 505 3
550 503 3
231 199 2
360 323 3
360 322 2
359 323 2
359 322 3
379 339 2
266 232 2
395 356 3
394 356 2
395 355 2
394 355 3
547 500 3
511 467 2
431 391 2
432 391 3
431 390 3
432 390 2
508 462 2
512 467 3
548 501 3
602 553 3
470 428 2
471 428 3
470 427 3
471 427 2
511 466 3
512 466 2
554 507 3
598 549 3
545 498 3
546 499 3
543 496 3
544 497 3
541 494 3
542 495 3
556 510 2
397 358 3
397 357 2
396 358 2
396 357 3
539 492 3
540 493 3
229 197 2
557 510 3
651 600 3
433 393 2
434 393 3
433 392 3
434 392 2
537 490 3
538 491 3
555 507 2
472 430 2
473 430 3
472 429 3
473 429 2
535 488 3
536 489 3
513 469 2
514 469 3
513 468 3
514 468 2
301 265 2
556 509 3
533 486 3
534 487 3
649 598 3
264 230 2
596 547 3
557 509 2
531 484 3
532 485 3
599 550 3
603 555 2
597 548 3
601 552 3
652 602 2
594 545 3
604 555 3
595 546 3
399 360 3
399 359 2
398 360 2
398 359 3
436 395 3
435 395 2
435 394 3
436 394 2
592 543 3
593 544 3
474 432 2
475 432 3
474 431 3
475 431 2
558 512 2
515 471 2
516 471 3
515 470 3
516 470 2
559 512 3
558 511 3
559 511 2
603 554 3
338 300 2
590 541 3
591 542 3
647 596 3
653 602 3
588 539 3
589 540 3
262 228 2
604 554 2
586 537 3
587 538 3
299 263 2
584 535 3
585 536 3
582 533 3
583 534 3
580 531 3
581 532 3
650 599 3
648 597 3
578 529 3
579 530 3
438 397 3
438 396 2
437 397 2
437 396 3
553 505 2
476 434 2
477 434 3
477 433 2
476 433 3
377 337 2
645 594 3
605 557 2
606 557 3
517 473 2
518 473 3
517 472 3
518 472 2
506 460 2
646 595 3
560 514 2
605 556 3
561 514 3
560 513 3
561 513 2
606 556 2
602 552 2
652 601 3
461 417 2
643 592 3
418 376 2
644 593 3
260 226 2
641 590 3
642 591 3
297 261 2
336 298 2
440 399 3
440 398 2
439 399 2
439 398 3
654 604 2
639 588 3
640 589 3
479 436 3
479 435 2
478 436 2
478 435 3
655 604 3
637 586 3
638 587 3
519 475 2
520 475 3
519 474 3
520 474 2
653 601 2
635 584 3
636 585 3
562 516 2
563 516 3
562 515 3
563 515 2
654 603 3
607 559 2
608 559 3
607 558 3
608 558 2
633 582 3
634 583 3
655 603 2
631 580 3
632 581 3
629 578 3
630 579 3
627 576 3
628 577 3
481 438 3
481 437 2
480 438 2
480 437 3
295 259 2
375 335 2
522 477 3
521 477 2
522 476 2
521 476 3
564 518 2
565 518 3
564 517 3
565 517 2
334 296 2
656 606 2
657 606 3
609 561 2
610 561 3
609 560 3
610 560 2
656 605 3
657 605 2
483 440 3
483 439 2
482 440 2
482 439 3
524 479 3
524 478 2
523 479 2
523 478 3
416 374 2
566 520 2
567 520 3
566 519 3
567 519 2
293 257 2
611 563 2
612 563 3
611 562 3
612 562 2
651 599 2
658 608 2
659 608 3
658 607 3
659 607 2
332 294 2
373 333 2
600 550 2
459 415 2
551 503 2
526 481 3
526 480 2
525 481 2
525 480 3
504 458 2
569 522 3
569 521 2
568 522 2
568 521 3
613 565 2
614 565 3
613 564 3
614 564 2
660 610 2
661 610 3
660 609 3
661 609 2
330 292 2
414 372 2
371 331 2
528 483 3
528 482 2
527 483 2
527 482 3
571 524 3
571 523 2
570 524 2
570 523 3
615 567 2
616 567 3
616 566 2
615 566 3
662 612 2
663 612 3
662 611 3
663 611 2
328 290 2
457 413 2
573 526 3
573 525 2
572 526 2
572 525 3
369 329 2
618 569 3
618 568 2
617 569 2
617 568 3
412 370 2
664 614 2
665 614 3
664 613 3
665 613 2
502 456 2
575 528 3
575 527 2
574 528 2
574 527 3
620 571 3
620 570 2
619 571 2
619 570 3
667 616 3
667 615 2
666 616 2
666 615 3
367 327 2
455 411 2
410 368 2
649 597 2
549 501 2
598 548 2
622 573 3
622 572 2
621 573 2
621 572 3
669 618 3
669 617 2
668 618 2
668 617 3
365 325 2
500 454 2
408 366 2
453 409 2
624 575 3
624 574 2
623 575 2
623 574 3
671 620 3
671 619 2
670 620 2
670 619 3
547 499 2
406 364 2
451 407 2
673 622 3
673 621 2
672 622 2
672 621 3
498 452 2
596 546 2
404 362 2
675 624 3
675 623 2
674 624 2
674 623 3
647 595 2
449 405 2
545 497 2
496 450 2
447 403 2
594 544 2
494 448 2
543 495 2
445 401 2
645 593 2
492 446 2
592 542 2
541 493 2
490 444 2
643 591 2
539 491 2
590 540 2
488 442 2
537 489 2
588 538 2
641 589 2
535 487 2
586 536 2
639 587 2
533 485 2
584 534 2
637 585 2
582 532 2
635 583 2
580 530 2
633 581 2
631 579 2
629 577 2
